1000
542
597
543
343
745
497
771
772
63
315
941
517
710
922
517
670
984
208
992
480
400
76
866
567
972
578
492
228
398
888
715
549
411
77
359
715
585
25
553
305
427
148
255
915
900
757
791
619
680
251
523
417
248
987
779
833
175
665
948
640
504
592
992
621
777
319
37
748
570
628
169
17
5
958
114
659
202
447
475
408
616
293
944
46
810
702
852
368
76
533
730
329
220
565
202
385
910
265
308
422
18
578
813
75
693
840
816
83
634
512
944
590
275
283
309
853
846
437
399
563
342
111
0
733
133
959
945
898
736
41
849
971
0
215
678
875
664
772
703
35
472
142
991
566
769
560
740
892
847
331
197
97
877
836
706
41
46
930
235
293
686
217
351
116
579
715
475
632
916
549
792
667
91
995
844
284
522
485
79
597
696
561
384
533
454
678
631
496
557
301
807
286
757
35
395
595
144
344
624
174
586
768
559
349
313
641
144
983
743
112
320
349
503
545
315
875
557
24
64
743
169
708
596
335
483
806
209
161
579
8
881
184
45
20
785
727
660
166
344
716
987
969
652
529
840
308
887
573
557
795
309
394
935
684
399
553
191
888
642
161
595
57
236
340
412
707
378
537
810
487
867
274
770
369
458
741
154
340
493
700
184
395
942
587
401
664
477
312
737
274
486
682
568
60
920
440
235
81
129
521
427
987
302
970
855
780
508
141
251
551
998
901
290
321
866
272
164
750
82
309
883
719
191
955
736
691
49
520
221
615
463
84
56
321
441
88
656
937
1
40
423
85
81
524
402
891
695
54
88
895
527
890
87
515
9
971
526
150
506
557
502
457
913
947
554
352
897
312
346
679
156
937
394
76
271
357
0
937
335
14
311
822
155
453
87
573
723
787
685
123
184
931
345
665
461
979
857
286
730
23
192
524
215
956
602
348
913
440
437
102
337
759
296
604
573
730
707
383
440
648
424
568
190
935
264
669
38
22
488
412
912
67
902
965
778
337
855
809
94
291
16
145
168
262
563
904
800
21
299
412
492
616
611
600
765
275
504
136
161
923
126
140
198
15
632
371
185
369
515
843
488
621
283
204
92
794
699
893
467
765
236
95
336
579
265
745
770
529
235
294
202
551
582
155
341
734
477
982
446
734
698
625
579
367
8
277
700
943
883
123
370
825
787
160
319
706
488
792
219
498
21
506
555
611
595
209
663
656
605
893
518
569
895
699
936
21
839
749
575
84
281
177
388
411
959
569
625
448
112
152
748
74
14
213
561
624
281
986
338
213
561
153
542
750
91
167
287
654
383
831
721
232
68
136
714
282
920
935
296
920
372
210
85
846
845
806
37
264
45
924
921
555
205
290
597
451
622
114
529
88
759
693
739
745
21
549
319
338
208
840
546
863
298
67
396
914
63
189
877
642
242
266
429
641
804
696
265
865
461
726
339
819
352
960
678
359
408
208
71
253
805
601
541
818
440
923
19
585
557
219
168
941
896
800
355
74
69
320
475
442
863
834
287
894
24
754
871
6
947
227
548
857
463
706
249
995
588
138
487
628
969
175
247
321
747
853
332
886
591
954
861
510
645
237
59
191
816
662
169
438
624
158
557
101
804
539
782
748
806
125
194
610
765
925
760
884
768
177
571
583
984
456
132
20
468
107
286
414
792
841
350
477
465
974
184
187
549
998
400
170
323
108
893
679
335
750
272
708
179
342
858
450
219
984
888
240
108
375
641
365
586
807
127
386
285
940
649
81
806
227
951
86
122
328
289
421
666
156
57
241
749
683
204
22
392
462
461
4
491
156
245
222
977
789
237
644
80
567
563
299
708
988
650
765
858
422
679
925
531
301
58
48
384
600
634
95
480
579
612
204
267
371
894
876
37
595
177
707
612
735
752
535
506
208
433
904
545
950
685
556
780
157
168
817
616
33
75
543
611
893
903
725
287
187
754
655
615
301
456
804
636
222
980
997
530
612
998
775
439
666
496
205
331
82
692
933
279
722
134
547
994
671
573
520
794
553
664
329
420
385
959
647
427
361
465
722
653
207
30
924
255
15
333
642
91
904
222
630
689
542
552
0
2
894
984
637
362
568
773
946
383
989
992
482
840
163
723
533
460
324
217
354
599
761
925
121
0
136
506
814
661
66
630
869
183
608
834
235
606
723
990
169
217
635
724
459
428
507
675
621
357
29
697
155
211
911
383
55
754
859
612
119
200
305
565
947
506
140
307
416
398
737
899
88
801
472
974
552
683
585
668
836
418
372
241
704
457
577
740
641
